{
  "Weights": [
    [ 0, 23, 13, 21, 12, 7, 9 ],
    [ 23, 0, 34, 11, 2, 5, 7 ],
    [ 13, 34, 0, 41, 17, 5, 1 ],
    [ 21, 11, 41, 0, 33, 12, 11 ],
    [ 12, 2, 17, 33, 0, 41, 6 ],
    [ 7, 5, 5, 12, 41, 0, 14 ],
    [ 9, 7, 1, 11, 6, 14, 0 ]
  ]
}